12319
85631
49606
57817
12060
12095
45356
47466
53612
57665
59467
10104
13056
17137
25582
83601
10057
10145
10161
10225
10364
10401
10516
10604
14277
14322
14323
14541
14593
14656
14736
14795
14883
14891
15069
15077
15368
15456
15472
15560
15579
15659
15667
15720
15747
15966
16424
16432
16571
16600
16678
16870
17005
17144
17278
17478
17566
17726
17750
17806
17830
17961
18016
18032
18067
18112
18147
18163
18278
18374
18382
18403
18411
18446
18542
18649
18681
18729
18921
18948
19051
19131
19166
19254
19350
19377
19393
19502
19537
19553
19561
19596
19692
19721
19895
19916
20079
20124
20204
20220
20394
20482
20562
20626
20730
20853
20984
21004
21020
21055
21178
21186
21207
21274
21397
21514
21573
21776
21792
21821
21936
21979
22023
22066
22082
22103
22111
22250
22293
22509
22592
22680
22752
22779
22840
22891
23026
23077
23114
23253
23309
23317
23341
23552
23579
23712
23819
23851
23915
23931
23990
24010
24109
24184
24192
24205
24221
24264
24272
24459
24539
24563
24643
24678
24715
24766
24803
24811
24942
25005
25013
25022
25056
25232
25320
25371
25419
25646
25769
25778
25785
25910
25953
26075
26112
26294
26382
26403
26438
26518
26542
26550
26657
26681
26729
26825
26884
27051
27086
27115
27596
27633
27713
27749
27764
27828
27887
27924
27959
27983
28118
28222
28310
28353
28484
28847
29196
29946
30067
30330
30912
31536
32205
32475
32563
32707
33785
33814
34032
34040
34147
34817
34833
34841
35051
35211
36468
36469
36978
37102
75030
75034
75181
75423
75647
76090
82705
87127
89392
90721
91380
10786
10866
10874
10890
10989
11260
11308
11340
11404
11607
11674
11703
11754
11762
11850
12052
12079
12140
12431
12458
12490
12503
12511
12546
12570
12749
12888
13100
13119
13303
13354
13688
13821
13856
13901
13928
38156
38280
38578
38682
38703
38850
38893
38914
38973
39087
39300
39538
39642
39765
39917
40061
40125
40221
40272
40352
40416
40483
40539
40635
40838
41080
41081
41179
41355
41718
41929
42024
42083
42104
42200
42534
42550
42606
42753
42796
42833
43123
43342
43350
43449
43553
43772
43916
44062
44601
44644
44652
44792
44951
45495
45671
45751
45970
46295
46578
46594
46658
46674
46703
46850
46877
46922
47028
47079
47159
47175
47271
47300
47490
47626
47896
47941
47992
48071
48223
48274
48354
48397
48485
48506
48514
48565
48653
48725
48960
49015
49154
49373
49429
49744
49905
50024
50032
50156
50227
50404
50876
50905
50956
51043
51377
51625
51772
52038
52337
52505
52695
52919
52978
53081
53401
53479
53786
53831
53858
54148
54181
54447
55212
55976
56223
56266
56274
56450
56573
57381
57568
57592
58296
58480
58640
58827
58990
59010
59176
59184
59192
59248
59328
59379
59408
59440
59459
59483
59707
59926
60046
60097
60206
60442
60506
60628
60839
60986
61065
61241
61284
61399
61583
61743
62148
62164
62252
62308
62324
62834
63060
63845
64020
64064
64186
64282
64311
64346
64477
64629
64936
65066
65138
65568
65787
65816
65859
65875
65883
66018
66026
66069
66093
66114
66122
66181
66800
68144
68347
70092
70229
70376
70519
70578
71001
71765
71889
74617
27430
68591
55079
18092
35238
46288
22753
76285
27263
76122
59432
64856
78968
